,Position,Points SFL,Equipe,Match,Joueurs l'ayant choisi,total_choice,choix_autre,bet_safety
0,1,57,Brest,Lens 2 - 4 Brest,25,150,125,0.1984126984126984
1,2,54,Lokeren,Waasland-Beveren 2 - 3 Lokeren,5,28,23,0.20833333333333334
2,3,53,Stoke City,Stoke City 1 - 0 Arsenal,81,343,262,0.30798479087452474
3,3,53,Real Sociedad,Celta Vigo 2 - 3 Real Sociedad,12,47,35,0.3333333333333333
4,5,50,VVV Venlo,Twente 1 - 2 VVV Venlo,2,11,9,0.2
5,6,48,Hannover 96,Mainz 05 0 - 1 Hannover 96,13,46,33,0.38235294117647056
6,6,48,Karabükspor,Karabükspor 3 - 1 İstanbul Basaksehir,6,14,8,0.6666666666666666
7,8,47,Estoril-Praia,CD Tondela 2 - 3 Estoril-Praia,9,16,7,1.125
8,9,46,Watford,AFC Bournemouth 0 - 2 Watford,145,197,52,2.7358490566037736
9,9,46,Sporting Charleroi,Genk 0 - 1 Sporting Charleroi,59,84,25,2.269230769230769
10,9,46,Antwerp,KV Mechelen 1 - 2 Antwerp,16,20,4,3.2
11,12,44,Bordeaux,Lyon 3 - 3 Bordeaux,172,386,214,0.8
12,13,43,FC Gérone,FC Gérone 2 - 2 Atl. Madrid,3,42,39,0.075
13,14,42,Sporting,Guimaraes 0 - 5 Sporting,12,16,4,2.4
14,15,41,Thoune,Thoune 5 - 2 Lausanne-Sport,3,16,13,0.21428571428571427
15,15,41,Eupen,Eupen 2 - 1 Oostende,12,43,31,0.375
16,17,40,Dijon,Rennes 2 - 2 Dijon,42,162,120,0.34710743801652894
17,18,38,West Bromwich Albion,Burnley 0 - 1 West Bromwich Albion,67,237,170,0.391812865497076
18,18,38,Schalke 04,Schalke 04 2 - 0 RasenBallsport Leipzig,217,403,186,1.160427807486631
19,20,37,Bursaspor,Bursaspor 3 - 2 Alanyaspor,7,9,2,2.3333333333333335
20,20,37,Benfica,Benfica 5 - 0 CF Belenenses,18,22,4,3.6
21,22,35,Manchester United,Swansea City 0 - 4 Manchester United,288,340,52,5.433962264150943
22,23,34,Nantes,Troyes 0 - 1 Nantes,451,668,217,2.0688073394495414
23,24,33,Galatasaray,Osmanlispor 1 - 3 Galatasaray,41,42,1,20.5
24,24,33,Borussia Dortmund,Wolfsburg 0 - 3 Borussia Dortmund,181,267,86,2.0804597701149423
25,24,33,Espanyol,FC Séville 1 - 1 Espanyol,2,14,12,0.15384615384615385
26,24,33,Heracles,Heerenven 1 - 1 Heracles,3,3,0,3.0
27,28,32,Southampton,Southampton 3 - 2 West Ham United,38,298,260,0.14559386973180077
28,29,31,Hertha Berlin,Hertha Berlin 2 - 0 VfB Stuttgart,145,182,37,3.8157894736842106
29,29,31,Saint-Etienne,Saint-Etienne 3 - 0 Amiens,141,176,35,3.9166666666666665
30,29,31,Sivasspor,Sivasspor 2 - 0 Yeni Malatyaspor,7,8,1,3.5
31,32,30,Nice,Nice 2 - 0 Guingamp,172,330,158,1.0817610062893082
32,33,29,Naples,Hellas Vérone 1 - 3 Naples,29,34,5,4.833333333333333
33,34,28,Leicester City,Leicester City 2 - 0 Brighton & Hove Albion,147,198,51,2.826923076923077
34,35,27,Strasbourg,Montpellier 1 - 1 Strasbourg,303,342,39,7.575
35,35,27,Hamburger SV,Hamburger SV 1 - 0 Augsburg,69,92,23,2.875
36,37,26,Juventus,Juventus 3 - 0 Cagliari,27,31,4,5.4
37,38,24,Alkmaar,Alkmaar 2 - 0 La Haye,6,12,6,0.8571428571428571
38,39,23,Hoffenheim,Hoffenheim 1 - 0 Werder Bremen,29,84,55,0.5178571428571429
39,39,23,Lyon,Lyon 3 - 3 Bordeaux,214,386,172,1.2369942196531791
40,41,18,Rennes,Rennes 2 - 2 Dijon,120,162,42,2.7906976744186047
41,41,18,Liverpool,Liverpool 1 - 0 Crystal Palace,118,165,47,2.4583333333333335
42,41,18,Atl. Madrid,FC Gérone 2 - 2 Atl. Madrid,39,42,3,9.75
43,44,17,Young Boys,FC Zürich 0 - 0 Young Boys,40,57,17,2.2222222222222223
44,45,14,Montpellier,Montpellier 1 - 1 Strasbourg,39,342,303,0.12828947368421054
45,46,13,FC Séville,FC Séville 1 - 1 Espanyol,12,14,2,4.0
46,46,13,Heerenven,Heerenven 1 - 1 Heracles,0,3,3,0.0
47,48,11,FC Zürich,FC Zürich 0 - 0 Young Boys,17,57,40,0.4146341463414634
48,49,10,West Ham United,Southampton 3 - 2 West Ham United,260,298,38,6.666666666666667
49,49,10,Celta Vigo,Celta Vigo 2 - 3 Real Sociedad,35,47,12,2.6923076923076925
50,49,10,Lens,Lens 2 - 4 Brest,125,150,25,4.8076923076923075
51,49,10,Alanyaspor,Bursaspor 3 - 2 Alanyaspor,2,9,7,0.25
52,49,10,Waasland-Beveren,Waasland-Beveren 2 - 3 Lokeren,23,28,5,3.8333333333333335
53,49,10,CD Tondela,CD Tondela 2 - 3 Estoril-Praia,7,16,9,0.7
54,49,10,Lausanne-Sport,Thoune 5 - 2 Lausanne-Sport,13,16,3,3.25
55,56,5,Oostende,Eupen 2 - 1 Oostende,31,43,12,2.3846153846153846
56,56,5,İstanbul Basaksehir,Karabükspor 3 - 1 İstanbul Basaksehir,8,14,6,1.1428571428571428
57,56,5,KV Mechelen,KV Mechelen 1 - 2 Antwerp,4,20,16,0.23529411764705882
58,56,5,Osmanlispor,Osmanlispor 1 - 3 Galatasaray,1,42,41,0.023809523809523808
59,56,5,Twente,Twente 1 - 2 VVV Venlo,9,11,2,3.0
60,56,5,Hellas Vérone,Hellas Vérone 1 - 3 Naples,5,34,29,0.16666666666666666
61,62,0,Arsenal,Stoke City 1 - 0 Arsenal,262,343,81,3.1951219512195124
62,62,0,Troyes,Troyes 0 - 1 Nantes,217,668,451,0.48008849557522126
63,62,0,Crystal Palace,Liverpool 1 - 0 Crystal Palace,47,165,118,0.3949579831932773
64,62,0,Brighton & Hove Albion,Leicester City 2 - 0 Brighton & Hove Albion,51,198,147,0.34459459459459457
65,62,0,Swansea City,Swansea City 0 - 4 Manchester United,52,340,288,0.17993079584775087
66,62,0,Yeni Malatyaspor,Sivasspor 2 - 0 Yeni Malatyaspor,1,8,7,0.125
67,62,0,Burnley,Burnley 0 - 1 West Bromwich Albion,170,237,67,2.5
68,62,0,AFC Bournemouth,AFC Bournemouth 0 - 2 Watford,52,197,145,0.3561643835616438
69,62,0,Genk,Genk 0 - 1 Sporting Charleroi,25,84,59,0.4166666666666667
70,62,0,CF Belenenses,Benfica 5 - 0 CF Belenenses,4,22,18,0.21052631578947367
71,62,0,Cagliari,Juventus 3 - 0 Cagliari,4,31,27,0.14285714285714285
72,62,0,Augsburg,Hamburger SV 1 - 0 Augsburg,23,92,69,0.32857142857142857
73,62,0,RasenBallsport Leipzig,Schalke 04 2 - 0 RasenBallsport Leipzig,186,403,217,0.8532110091743119
74,62,0,VfB Stuttgart,Hertha Berlin 2 - 0 VfB Stuttgart,37,182,145,0.2534246575342466
75,62,0,Werder Bremen,Hoffenheim 1 - 0 Werder Bremen,55,84,29,1.8333333333333333
76,62,0,Guimaraes,Guimaraes 0 - 5 Sporting,4,16,12,0.3076923076923077
77,62,0,La Haye,Alkmaar 2 - 0 La Haye,6,12,6,0.8571428571428571
78,62,0,Amiens,Saint-Etienne 3 - 0 Amiens,35,176,141,0.24647887323943662
79,62,0,Wolfsburg,Wolfsburg 0 - 3 Borussia Dortmund,86,267,181,0.4725274725274725
80,62,0,Guingamp,Nice 2 - 0 Guingamp,158,330,172,0.9132947976878613
81,62,0,Mainz 05,Mainz 05 0 - 1 Hannover 96,33,46,13,2.357142857142857
